date,region,accumulated_num_cases,accumulated_num_deaths,new_num_cases,new_num_deaths
2020-02-25,Norte,0,0,0,0
2020-02-26,Norte,0,0,0,0
2020-02-27,Norte,0,0,0,0
2020-02-28,Norte,0,0,0,0
2020-02-29,Norte,0,0,0,0
2020-03-01,Norte,0,0,0,0
2020-03-02,Norte,0,0,0,0
2020-03-03,Norte,0,0,0,0
2020-03-04,Norte,0,0,0,0
2020-03-05,Norte,0,0,0,0
2020-03-06,Norte,0,0,0,0
2020-03-07,Norte,0,0,0,0
2020-03-08,Norte,0,0,0,0
2020-03-09,Norte,0,0,0,0
2020-03-10,Norte,0,0,0,0
2020-03-11,Norte,0,0,0,0
2020-03-12,Norte,0,0,0,0
2020-03-13,Norte,202011,2,0,2
2020-03-14,Norte,202011,2,0,0
2020-03-15,Norte,202012,2,0,0
2020-03-16,Norte,202012,2,0,0
2020-03-17,Norte,404024,5,0,3
2020-03-18,Norte,808048,7,0,2
2020-03-19,Norte,808048,9,0,2
2020-03-20,Norte,1212072,19,0,10
2020-03-21,Norte,1414084,32,0,13
2020-03-22,Norte,1414091,52,0,20
2020-03-23,Norte,1414091,67,0,15
2020-03-24,Norte,1414091,94,1,27
2020-03-25,Norte,1414091,106,1,12
2020-03-26,Norte,1414091,129,1,23
2020-03-27,Norte,1414091,152,1,23
2020-03-28,Norte,1414091,189,1,37
2020-03-29,Norte,1414098,234,1,45
2020-03-30,Norte,1414098,261,3,27
2020-03-31,Norte,1414098,298,4,37
2020-04-01,Norte,1414098,342,5,44
2020-04-02,Norte,1414098,387,5,45
2020-04-03,Norte,1414098,460,10,73
2020-04-04,Norte,1414098,537,16,77
2020-04-05,Norte,1414105,656,19,119
2020-04-06,Norte,1414105,823,29,167
2020-04-07,Norte,1414105,982,34,159
2020-04-08,Norte,1414105,1235,42,253
2020-04-09,Norte,1414105,1354,55,119
2020-04-10,Norte,1414105,1564,68,210
2020-04-11,Norte,1414105,1689,76,125
2020-04-12,Norte,1414112,1930,88,241
2020-04-13,Norte,1414112,2100,99,170
2020-04-14,Norte,1414112,2485,126,385
2020-04-15,Norte,1414112,2728,144,243
2020-04-16,Norte,1414112,3040,172,312
2020-04-17,Norte,1414112,3289,199,249
2020-04-18,Norte,1414112,3463,218,174
2020-04-19,Norte,1414119,3746,241,283
2020-04-20,Norte,1414119,4154,250,408
2020-04-21,Norte,1414119,4496,262,342
2020-04-22,Norte,1414119,4937,281,441
2020-04-23,Norte,1414119,5534,323,597
2020-04-24,Norte,1414119,6340,381,806
2020-04-25,Norte,1414119,7114,426,774
2020-04-26,Norte,1414126,7841,468,727
2020-04-27,Norte,1414126,8187,498,346
2020-04-28,Norte,1414126,8845,544,658
2020-04-29,Norte,1414126,9753,607,908
2020-04-30,Norte,1414126,10922,728,1169
2020-05-01,Norte,1414126,11985,824,1063
2020-05-02,Norte,1414126,13097,905,1112
2020-05-03,Norte,1414133,14248,970,1151
2020-05-04,Norte,1414133,15678,1049,1430
2020-05-05,Norte,1414133,17694,1157,2016
2020-05-06,Norte,1414133,20054,1307,2360
2020-05-07,Norte,1414133,21859,1451,1805
2020-05-08,Norte,1414133,23663,1616,1804
2020-05-09,Norte,1414133,25924,1751,2261
2020-05-10,Norte,1414140,27346,1865,1422
2020-05-11,Norte,1414140,28640,2049,1294
2020-05-12,Norte,1414140,31530,2248,2890
2020-05-13,Norte,1414140,34911,2430,3381
2020-05-14,Norte,1414140,38193,2603,3282
2020-05-15,Norte,1414140,41095,2795,2902
2020-05-16,Norte,1414140,43848,2914,2753
2020-05-17,Norte,1414147,45727,3031,1879
2020-05-18,Norte,1414147,48208,3200,2481
2020-05-19,Norte,1414147,52311,3448,4103
2020-05-20,Norte,1414147,56462,3757,4151
2020-05-21,Norte,1414147,60882,3945,4420
2020-05-22,Norte,1414147,66233,4138,5351
2020-05-23,Norte,1414147,70863,4381,4630
2020-05-24,Norte,1414154,73531,4566,2668
2020-05-25,Norte,1414154,77261,4742,3730
2020-05-26,Norte,1414154,82612,4951,5351
2020-05-27,Norte,1414154,88147,5099,5535
2020-05-28,Norte,1414154,95657,5387,7510
2020-05-29,Norte,1414154,101927,5578,6270
2020-05-30,Norte,1414154,106002,5662,4075
2020-05-31,Norte,1414161,107970,5690,1968
2020-06-01,Norte,1414161,111141,5831,3171
2020-06-02,Norte,1414161,117926,6023,6785
2020-06-03,Norte,1414161,123161,6187,5235
2020-06-04,Norte,1414161,130990,6507,7829
2020-06-05,Norte,1414161,138742,6762,7752
2020-06-06,Norte,1414161,141817,6836,3075
2020-06-07,Norte,1414168,144090,6886,2273
2020-06-08,Norte,1414168,149542,7122,5452
2020-06-09,Norte,1414168,155922,7278,6380
2020-06-10,Norte,1414168,162596,7448,6674
2020-06-11,Norte,1414168,167400,7651,4804
2020-06-12,Norte,1414168,171414,7750,4014
2020-06-13,Norte,1414168,175817,7872,4403
2020-06-14,Norte,1414175,177767,7939,1950
2020-06-15,Norte,1414175,181028,8085,3261
2020-06-16,Norte,1414175,187970,8227,6942
2020-06-17,Norte,1414175,193889,8330,5919
2020-06-18,Norte,1414175,199869,8475,5980
2020-06-19,Norte,1414175,205724,8586,5855
2020-06-20,Norte,1414175,211496,8718,5772
2020-06-21,Norte,1414182,214177,8767,2681
2020-06-22,Norte,1414182,223395,8881,9218
2020-06-23,Norte,1414182,231163,8997,7768
2020-06-24,Norte,1414182,238204,9080,7041
2020-06-25,Norte,1414182,244223,9189,6019
2020-06-26,Norte,1414182,250154,9265,5931
2020-06-27,Norte,1414182,254583,9328,4429
2020-06-28,Norte,1414189,256537,9374,1954
2020-06-29,Norte,1414189,260309,9468,3772
2020-06-30,Norte,1414189,266047,9601,5738
2020-07-01,Norte,1414189,273553,9723,7506
2020-07-02,Norte,1414189,279171,9816,5618
2020-07-03,Norte,1414189,284046,9893,4875
2020-07-04,Norte,1414189,287964,9982,3918
2020-07-05,Norte,1414196,290121,10017,2157
2020-07-06,Norte,1414196,293283,10071,3162
2020-07-07,Norte,1414196,300433,10171,7150
2020-07-08,Norte,1414196,305570,10247,5137
2020-07-09,Norte,1414196,311351,10314,5781
2020-07-10,Norte,1414196,317077,10422,5726
2020-07-11,Norte,1414196,320156,10472,3079
2020-07-12,Norte,1414203,322251,10516,2095
2020-07-13,Norte,1414203,326535,10586,4284
2020-07-14,Norte,1414203,332238,10657,5703
2020-07-15,Norte,1414203,338049,10759,5811
2020-07-16,Norte,1414203,343673,10867,5624
2020-07-17,Norte,1414203,347869,10950,4196
2020-07-18,Norte,1414203,351162,11023,3293
2020-07-19,Norte,1414210,353010,11070,1848
2020-07-20,Norte,1414210,357529,11133,4519
2020-07-21,Norte,1414210,363073,11245,5544
2020-07-22,Norte,1414210,370126,11355,7053
2020-07-23,Norte,1414210,376385,11444,6259
2020-07-24,Norte,1414210,381953,11534,5568
2020-07-25,Norte,1414210,385545,11592,3592
2020-07-26,Norte,1414217,387069,11624,1524
2020-07-27,Norte,1414217,391157,11692,4088
2020-07-28,Norte,1414217,396158,11685,5001
2020-07-29,Norte,1414217,401149,11738,4991
2020-07-30,Norte,1414217,405917,11812,4768
2020-07-31,Norte,1414217,410147,11889,4230
2020-08-01,Norte,1414217,413676,11943,3529
2020-08-02,Norte,1414224,415313,11974,1637
2020-08-03,Norte,1414224,418680,12026,3367
2020-08-04,Norte,1414224,425520,12088,6840
2020-08-05,Norte,1414224,431912,12171,6392
2020-08-06,Norte,1414224,437434,12239,5522
2020-08-07,Norte,1414224,442722,12296,5288
2020-08-08,Norte,1414224,445623,12338,2901
2020-08-09,Norte,1414231,447644,12366,2021
2020-08-10,Norte,1414231,451253,12419,3609
2020-08-11,Norte,1414231,457189,12486,5936
2020-08-12,Norte,1414231,462079,12544,4890
2020-08-13,Norte,1414231,467643,12600,5564
2020-08-14,Norte,1414231,472629,12650,4986
2020-08-15,Norte,1414231,475421,12683,2792
2020-08-16,Norte,1414238,477711,12714,2290
2020-08-17,Norte,1414238,481921,12801,4210
2020-08-18,Norte,1414238,487258,12885,5337
2020-08-19,Norte,1414238,492698,12937,5440
2020-08-20,Norte,1414238,498092,12986,5394
2020-08-21,Norte,1414238,502528,13030,4436
2020-08-22,Norte,1414238,505675,13067,3147
2020-08-23,Norte,1414245,507500,13093,1825
2020-08-24,Norte,1414245,511619,13156,4119
2020-08-25,Norte,1414245,516869,13224,5250
2020-08-26,Norte,1414245,522176,13277,5307
2020-08-27,Norte,1414245,526893,13326,4717
2020-08-28,Norte,1414245,531332,13362,4439
2020-08-29,Norte,1414245,534741,13392,3409
2020-08-30,Norte,1414252,536037,13443,1296
2020-08-31,Norte,1414252,539610,13526,3573
2020-09-01,Norte,1414252,543638,13592,4028
2020-09-02,Norte,1414252,548272,13789,4634
2020-09-03,Norte,1414252,552306,13840,4034
2020-09-04,Norte,1414252,557156,13882,4850
2020-09-05,Norte,1414252,559969,13911,2813
2020-09-06,Norte,1414259,561508,13937,1539
2020-09-07,Norte,1414259,562559,13958,1051
2020-09-08,Norte,1414259,565272,14000,2713
2020-09-09,Norte,1414259,569889,14045,4617
2020-09-10,Norte,1414259,573874,14094,3985
2020-09-11,Norte,1414259,577528,14143,3654
2020-09-12,Norte,1414259,579814,14203,2286
2020-09-13,Norte,1414266,581021,14248,1207
2020-09-14,Norte,1414266,584175,14291,3154
2020-09-15,Norte,1414266,587749,14347,3574
2020-09-16,Norte,1414266,590738,14397,2989
2020-09-17,Norte,1414266,594157,14455,3419
2020-09-18,Norte,1414266,597857,14511,3700
2020-09-19,Norte,1414266,600313,14531,2456
2020-09-20,Norte,1414273,601211,14547,898
2020-09-21,Norte,1414273,603693,14581,2482
2020-09-22,Norte,1414273,607576,14620,3883
2020-09-23,Norte,1414273,611352,14691,3776
2020-09-24,Norte,1414273,614934,14727,3582
2020-09-25,Norte,1414273,618327,14769,3393
2020-09-26,Norte,1414273,621073,14815,2746
2020-09-27,Norte,1414280,622194,14832,1121
2020-09-28,Norte,1414280,624139,14855,1945
2020-09-29,Norte,1414280,628622,14908,4483
2020-09-30,Norte,1414280,632743,14951,4121
2020-10-01,Norte,1414280,636119,15100,3376
2020-10-02,Norte,1414280,639254,15127,3135
2020-10-03,Norte,1414280,640797,15151,1543
2020-10-04,Norte,1414287,641280,15169,483
2020-10-05,Norte,1414287,642665,15195,1385
2020-10-06,Norte,1414287,645756,15240,3091
2020-10-07,Norte,1414287,648510,15268,2754
2020-10-08,Norte,1414287,650922,15306,2412
2020-10-09,Norte,1414287,653357,15338,2435
2020-10-10,Norte,1414287,654895,15365,1538
2020-10-11,Norte,1414294,655645,15374,750
2020-10-12,Norte,1414294,655891,15385,246
2020-10-13,Norte,1414294,658162,15420,2271
2020-10-14,Norte,1414294,660813,15457,2651
2020-10-15,Norte,1414294,663558,15496,2745
2020-10-16,Norte,1414294,665833,15534,2275
2020-10-17,Norte,1414294,667953,15558,2120
2020-10-18,Norte,1414301,668625,15574,672
2020-10-19,Norte,1414301,670752,15617,2127
2020-10-20,Norte,1414301,673483,15650,2731
2020-10-21,Norte,1414301,677215,15677,3732
2020-10-22,Norte,1414301,680335,15722,3120
2020-10-23,Norte,1414301,683662,15773,3327
2020-10-24,Norte,1414301,686050,15791,2388
2020-10-25,Norte,1414308,687420,15810,1370
2020-10-26,Norte,1414308,689694,15841,2274
2020-10-27,Norte,1414308,693054,15876,3360
2020-10-28,Norte,1414308,695903,15898,2849
2020-10-29,Norte,1414308,699276,15935,3373
2020-10-30,Norte,1414308,701490,15955,2214
2020-10-31,Norte,1414308,702432,15981,942
2020-11-01,Norte,1414315,703679,16000,1247
2020-11-02,Norte,1414315,704452,16018,773
2020-11-03,Norte,1414315,706567,16044,2115
2020-11-04,Norte,1414315,709592,16075,3025
2020-11-05,Norte,1414315,712193,16108,2601
2020-11-06,Norte,1414315,713757,16119,1564
2020-11-07,Norte,1414315,716005,16145,2248
2020-11-08,Norte,1414322,717119,16155,1114
2020-11-09,Norte,1414322,719256,16196,2137
2020-11-10,Norte,1414322,722040,16225,2784
2020-11-11,Norte,1414322,724911,16252,2871
2020-11-12,Norte,1414322,727983,16292,3072
2020-11-13,Norte,1414322,730194,16317,2211
2020-11-14,Norte,1414322,732375,16349,2181
2020-11-15,Norte,1414329,733297,16358,922
2020-11-16,Norte,1414329,734970,16378,1673
2020-11-17,Norte,1414329,737741,16419,2771
2020-11-18,Norte,1414329,740615,16439,2874
2020-11-19,Norte,1414329,743877,16471,3262
2020-11-20,Norte,1414329,746644,16503,2767
2020-11-21,Norte,1414329,748441,16522,1797
2020-11-22,Norte,1414336,749899,16538,1458
2020-11-23,Norte,1414336,751979,16572,2080
2020-11-24,Norte,1414336,755496,16612,3517
2020-11-25,Norte,1414336,758231,16642,2735
2020-11-26,Norte,1414336,760880,16688,2649
2020-11-27,Norte,1414336,763938,16719,3058
2020-11-28,Norte,1414336,767391,16754,3453
2020-11-29,Norte,1414343,768584,16775,1193
2020-11-30,Norte,1414343,770900,16798,2316
2020-12-01,Norte,1414343,774372,16830,3472
2020-12-02,Norte,1414343,777832,16877,3460
2020-12-03,Norte,1414343,780930,16921,3098
2020-12-04,Norte,1414343,784128,16946,3198
2020-12-05,Norte,1414343,786440,16973,2312
2020-12-06,Norte,1414350,788185,16987,1745
2020-12-07,Norte,1414350,790341,17024,2156
2020-12-08,Norte,1414350,793471,17047,3130
2020-12-09,Norte,1414350,796568,17082,3097
2020-12-10,Norte,1414350,799926,17119,3358
2020-12-11,Norte,1414350,803191,17155,3265
2020-12-12,Norte,1414350,805153,17188,1962
2020-12-13,Norte,1414357,807124,17203,1971
2020-12-14,Norte,1414357,809539,17243,2415
2020-12-15,Norte,1414357,813013,17284,3474
2020-12-16,Norte,1414357,816957,17332,3944
2020-12-17,Norte,1414357,820319,17373,3362
2020-12-18,Norte,1414357,823757,17415,3438
2020-12-19,Norte,1414357,826511,17451,2754
2020-12-20,Norte,1414364,828076,17475,1565
2020-12-21,Norte,1414364,830922,17508,2846
2020-12-22,Norte,1414364,835155,17555,4233
2020-12-23,Norte,1414364,838511,17617,3356
2020-12-24,Norte,1414364,841225,17663,2714
2020-12-25,Norte,1414364,842303,17695,1078
2020-12-26,Norte,1414364,843502,17725,1199
2020-12-27,Norte,1414371,845361,17764,1859
2020-12-28,Norte,1414371,848644,17818,3283
2020-12-29,Norte,1414371,852460,17895,3816
2020-12-30,Norte,1414371,856249,17978,3789
2020-12-31,Norte,1414371,859611,18044,3362
2021-01-01,Norte,1414371,860880,18074,1269
2021-01-02,Norte,1414371,862270,18121,1390
2021-01-03,Norte,1414707,863964,18160,1694
2021-01-04,Norte,1414707,866759,18221,2795
2021-01-05,Norte,1414707,871548,18305,4789
2021-01-06,Norte,1414707,877050,18452,5502
2021-01-07,Norte,1414707,881697,18549,4647
2021-01-08,Norte,1414707,887651,18651,5954
2021-01-09,Norte,1414707,891936,18736,4285
2021-01-10,Norte,1414714,894749,18788,2813
2021-01-11,Norte,1414714,900558,18896,5809
2021-01-12,Norte,1414714,906468,19004,5910
2021-01-13,Norte,1414714,911435,19121,4967
2021-01-14,Norte,1414714,919300,19211,7865
2021-01-15,Norte,1414714,926569,19372,7269
2021-01-16,Norte,1414714,932238,19474,5669
2021-01-17,Norte,1414721,935354,19567,3116
2021-01-18,Norte,1414721,940657,19747,5303
2021-01-19,Norte,1414721,946469,19923,5812
2021-01-20,Norte,1414721,955141,20121,8672
2021-01-21,Norte,1414721,961927,20317,6786
2021-01-22,Norte,1414721,970511,20494,8584
2021-01-23,Norte,1414721,976562,20688,6051
2021-01-24,Norte,1414728,980122,20831,3560
2021-01-25,Norte,1414728,984725,20978,4603
2021-01-26,Norte,1414728,993131,21213,8406
2021-01-27,Norte,1414728,1001590,21398,8459
2021-01-28,Norte,1414728,1007806,21571,6216
2021-01-29,Norte,1414728,1014215,21777,6409
2021-01-30,Norte,1414728,1020820,22044,6605
2021-01-31,Norte,1414735,1023663,22184,2843
2021-02-01,Norte,1414735,1028873,22379,5210
2021-02-02,Norte,1414735,1035693,22590,6820
2021-02-03,Norte,1414735,1042391,22782,6698
2021-02-04,Norte,1414735,1049142,22992,6751
2021-02-05,Norte,1414735,1055177,23171,6035
2021-02-06,Norte,1414735,1060581,23362,5404
2021-02-07,Norte,1414742,1063086,23461,2505
2021-02-08,Norte,1414742,1067786,23641,4700
2021-02-09,Norte,1414742,1073142,23887,5356
2021-02-10,Norte,1414742,1080007,24131,6865
2021-02-11,Norte,1414742,1086366,24407,6359
2021-02-12,Norte,1414742,1092443,24654,6077
2021-02-13,Norte,1414742,1095986,24752,3543
2021-02-14,Norte,1414749,1098331,24856,2345
2021-02-15,Norte,1414749,1102143,25060,3812
2021-02-16,Norte,1414749,1106588,25235,4445
