date,region,accumulated_num_cases,accumulated_num_deaths,new_num_cases,new_num_deaths
2020-02-25,Centro-Oeste,0,0,0,0
2020-02-26,Centro-Oeste,0,0,0,0
2020-02-27,Centro-Oeste,0,0,0,0
2020-02-28,Centro-Oeste,0,0,0,0
2020-02-29,Centro-Oeste,0,0,0,0
2020-03-01,Centro-Oeste,0,0,0,0
2020-03-02,Centro-Oeste,0,0,0,0
2020-03-03,Centro-Oeste,0,0,0,0
2020-03-04,Centro-Oeste,0,0,0,0
2020-03-05,Centro-Oeste,0,0,0,0
2020-03-06,Centro-Oeste,0,0,0,0
2020-03-07,Centro-Oeste,202010,1,0,1
2020-03-08,Centro-Oeste,202011,1,0,0
2020-03-09,Centro-Oeste,202011,1,0,0
2020-03-10,Centro-Oeste,202011,1,0,0
2020-03-11,Centro-Oeste,202011,2,0,1
2020-03-12,Centro-Oeste,404022,5,0,3
2020-03-13,Centro-Oeste,404022,5,0,0
2020-03-14,Centro-Oeste,606033,14,0,9
2020-03-15,Centro-Oeste,606036,20,0,6
2020-03-16,Centro-Oeste,606036,32,0,12
2020-03-17,Centro-Oeste,606036,35,0,3
2020-03-18,Centro-Oeste,606036,53,0,18
2020-03-19,Centro-Oeste,606036,66,0,13
2020-03-20,Centro-Oeste,808048,118,0,52
2020-03-21,Centro-Oeste,808048,144,0,26
2020-03-22,Centro-Oeste,808052,161,0,17
2020-03-23,Centro-Oeste,808052,188,0,27
2020-03-24,Centro-Oeste,808052,221,0,33
2020-03-25,Centro-Oeste,808052,263,0,42
2020-03-26,Centro-Oeste,808052,275,1,12
2020-03-27,Centro-Oeste,808052,329,1,54
2020-03-28,Centro-Oeste,808052,358,1,29
2020-03-29,Centro-Oeste,808056,401,2,43
2020-03-30,Centro-Oeste,808056,434,3,33
2020-03-31,Centro-Oeste,808056,471,5,37
2020-04-01,Centro-Oeste,808056,522,6,51
2020-04-02,Centro-Oeste,808056,567,7,45
2020-04-03,Centro-Oeste,808056,611,10,44
2020-04-04,Centro-Oeste,808056,681,11,70
2020-04-05,Centro-Oeste,808060,708,12,27
2020-04-06,Centro-Oeste,808060,746,17,38
2020-04-07,Centro-Oeste,808060,794,20,48
2020-04-08,Centro-Oeste,808060,843,22,49
2020-04-09,Centro-Oeste,808060,903,24,60
2020-04-10,Centro-Oeste,808060,956,26,53
2020-04-11,Centro-Oeste,808060,1022,29,66
2020-04-12,Centro-Oeste,808064,1071,33,49
2020-04-13,Centro-Oeste,808064,1121,38,50
2020-04-14,Centro-Oeste,808064,1188,40,67
2020-04-15,Centro-Oeste,808064,1264,40,76
2020-04-16,Centro-Oeste,808064,1332,46,68
2020-04-17,Centro-Oeste,808064,1396,50,64
2020-04-18,Centro-Oeste,808064,1506,52,110
2020-04-19,Centro-Oeste,808068,1595,52,89
2020-04-20,Centro-Oeste,808068,1630,54,35
2020-04-21,Centro-Oeste,808068,1688,55,58
2020-04-22,Centro-Oeste,808068,1777,58,89
2020-04-23,Centro-Oeste,808068,1827,63,50
2020-04-24,Centro-Oeste,808068,1952,65,125
2020-04-25,Centro-Oeste,808068,1989,68,37
2020-04-26,Centro-Oeste,808072,2181,68,192
2020-04-27,Centro-Oeste,808072,2299,73,118
2020-04-28,Centro-Oeste,808072,2394,75,95
2020-04-29,Centro-Oeste,808072,2559,75,165
2020-04-30,Centro-Oeste,808072,2761,79,202
2020-05-01,Centro-Oeste,808072,2935,80,174
2020-05-02,Centro-Oeste,808072,3029,83,94
2020-05-03,Centro-Oeste,808076,3179,85,150
2020-05-04,Centro-Oeste,808076,3272,86,93
2020-05-05,Centro-Oeste,808076,3408,95,136
2020-05-06,Centro-Oeste,808076,3743,103,335
2020-05-07,Centro-Oeste,808076,4015,103,272
2020-05-08,Centro-Oeste,808076,4285,112,270
2020-05-09,Centro-Oeste,808076,4493,113,208
2020-05-10,Centro-Oeste,808080,4656,118,163
2020-05-11,Centro-Oeste,808080,4829,123,173
2020-05-12,Centro-Oeste,808080,5103,130,274
2020-05-13,Centro-Oeste,808080,5520,143,417
2020-05-14,Centro-Oeste,808080,6062,156,542
2020-05-15,Centro-Oeste,808080,6663,162,601
2020-05-16,Centro-Oeste,808080,7157,167,494
2020-05-17,Centro-Oeste,808084,7531,170,374
2020-05-18,Centro-Oeste,808084,7953,185,422
2020-05-19,Centro-Oeste,808084,8380,193,427
2020-05-20,Centro-Oeste,808084,9103,205,723
2020-05-21,Centro-Oeste,808084,9630,220,527
2020-05-22,Centro-Oeste,808084,10368,239,738
2020-05-23,Centro-Oeste,808084,10904,244,536
2020-05-24,Centro-Oeste,808088,11613,256,709
2020-05-25,Centro-Oeste,808088,12139,269,526
2020-05-26,Centro-Oeste,808088,12846,289,707
2020-05-27,Centro-Oeste,808088,13838,306,992
2020-05-28,Centro-Oeste,808088,14842,329,1004
2020-05-29,Centro-Oeste,808088,15923,349,1081
2020-05-30,Centro-Oeste,808088,16985,364,1062
2020-05-31,Centro-Oeste,808092,17559,377,574
2020-06-01,Centro-Oeste,808092,18809,387,1250
2020-06-02,Centro-Oeste,808092,20361,427,1552
2020-06-03,Centro-Oeste,808092,21675,449,1314
2020-06-04,Centro-Oeste,808092,23410,465,1735
2020-06-05,Centro-Oeste,808092,25538,481,2128
2020-06-06,Centro-Oeste,808092,27661,502,2123
2020-06-07,Centro-Oeste,808096,28837,522,1176
2020-06-08,Centro-Oeste,808096,29948,547,1111
2020-06-09,Centro-Oeste,808096,32127,584,2179
2020-06-10,Centro-Oeste,808096,34428,623,2301
2020-06-11,Centro-Oeste,808096,36368,659,1940
2020-06-12,Centro-Oeste,808096,37947,697,1579
2020-06-13,Centro-Oeste,808096,39072,734,1125
2020-06-14,Centro-Oeste,808100,40490,766,1418
2020-06-15,Centro-Oeste,808100,44300,816,3810
2020-06-16,Centro-Oeste,808100,48257,883,3957
2020-06-17,Centro-Oeste,808100,51551,931,3294
2020-06-18,Centro-Oeste,808100,55018,989,3467
2020-06-19,Centro-Oeste,808100,59157,1050,4139
2020-06-20,Centro-Oeste,808100,62187,1086,3030
2020-06-21,Centro-Oeste,808104,64298,1146,2111
2020-06-22,Centro-Oeste,808104,67287,1222,2989
2020-06-23,Centro-Oeste,808104,70600,1309,3313
2020-06-24,Centro-Oeste,808104,74628,1376,4028
2020-06-25,Centro-Oeste,808104,78762,1434,4134
2020-06-26,Centro-Oeste,808104,83480,1529,4718
2020-06-27,Centro-Oeste,808104,86286,1576,2806
2020-06-28,Centro-Oeste,808108,89400,1615,3114
2020-06-29,Centro-Oeste,808108,93743,1692,4343
2020-06-30,Centro-Oeste,808108,99108,1792,5365
2020-07-01,Centro-Oeste,808108,103284,1897,4176
2020-07-02,Centro-Oeste,808108,106343,2016,3059
2020-07-03,Centro-Oeste,808108,110948,2100,4605
2020-07-04,Centro-Oeste,808108,114708,2195,3760
2020-07-05,Centro-Oeste,808112,117714,2263,3006
2020-07-06,Centro-Oeste,808112,123335,2365,5621
2020-07-07,Centro-Oeste,808112,129264,2523,5929
2020-07-08,Centro-Oeste,808112,134156,2606,4892
2020-07-09,Centro-Oeste,808112,138961,2725,4805
2020-07-10,Centro-Oeste,808112,143608,2870,4647
2020-07-11,Centro-Oeste,808112,146402,2926,2794
2020-07-12,Centro-Oeste,808116,149520,2997,3118
2020-07-13,Centro-Oeste,808116,152830,3092,3310
2020-07-14,Centro-Oeste,808116,156502,3210,3672
2020-07-15,Centro-Oeste,808116,160719,3347,4217
2020-07-16,Centro-Oeste,808116,165687,3493,4968
2020-07-17,Centro-Oeste,808116,168445,3618,2758
2020-07-18,Centro-Oeste,808116,171100,3695,2655
2020-07-19,Centro-Oeste,808120,174435,3767,3335
2020-07-20,Centro-Oeste,808120,178779,3891,4344
2020-07-21,Centro-Oeste,808120,187648,4025,8869
2020-07-22,Centro-Oeste,808120,195085,4153,7437
2020-07-23,Centro-Oeste,808120,202765,4292,7680
2020-07-24,Centro-Oeste,808120,210169,4445,7404
2020-07-25,Centro-Oeste,808120,214521,4540,4352
2020-07-26,Centro-Oeste,808124,218021,4638,3500
2020-07-27,Centro-Oeste,808124,225121,4788,7100
2020-07-28,Centro-Oeste,808124,232795,4934,7674
2020-07-29,Centro-Oeste,808124,239733,5082,6938
2020-07-30,Centro-Oeste,808124,246815,5220,7082
2020-07-31,Centro-Oeste,808124,253358,5377,6543
2020-08-01,Centro-Oeste,808124,256896,5461,3538
2020-08-02,Centro-Oeste,808128,260289,5547,3393
2020-08-03,Centro-Oeste,808128,265130,5621,4841
2020-08-04,Centro-Oeste,808128,274364,5828,9234
2020-08-05,Centro-Oeste,808128,281945,5964,7581
2020-08-06,Centro-Oeste,808128,290116,6107,8171
2020-08-07,Centro-Oeste,808128,297133,6249,7017
2020-08-08,Centro-Oeste,808128,301467,6363,4334
2020-08-09,Centro-Oeste,808132,303630,6421,2163
2020-08-10,Centro-Oeste,808132,312550,6582,8920
2020-08-11,Centro-Oeste,808132,319986,6734,7436
2020-08-12,Centro-Oeste,808132,328005,6886,8019
2020-08-13,Centro-Oeste,808132,335734,7036,7729
2020-08-14,Centro-Oeste,808132,342746,7155,7012
2020-08-15,Centro-Oeste,808132,345931,7261,3185
2020-08-16,Centro-Oeste,808136,348926,7323,2995
2020-08-17,Centro-Oeste,808136,356486,7493,7560
2020-08-18,Centro-Oeste,808136,364001,7666,7515
2020-08-19,Centro-Oeste,808136,370902,7831,6901
2020-08-20,Centro-Oeste,808136,376170,8039,5268
2020-08-21,Centro-Oeste,808136,382921,8192,6751
2020-08-22,Centro-Oeste,808136,387152,8288,4231
2020-08-23,Centro-Oeste,808140,390549,8338,3397
2020-08-24,Centro-Oeste,808140,398556,8501,8007
2020-08-25,Centro-Oeste,808140,407608,8642,9052
2020-08-26,Centro-Oeste,808140,414638,8800,7030
2020-08-27,Centro-Oeste,808140,420641,8942,6003
2020-08-28,Centro-Oeste,808140,426546,9063,5905
2020-08-29,Centro-Oeste,808140,429240,9123,2694
2020-08-30,Centro-Oeste,808144,431605,9197,2365
2020-08-31,Centro-Oeste,808144,437923,9380,6318
2020-09-01,Centro-Oeste,808144,444813,9555,6890
2020-09-02,Centro-Oeste,808144,451649,9714,6836
2020-09-03,Centro-Oeste,808144,458451,9858,6802
2020-09-04,Centro-Oeste,808144,464519,9997,6068
2020-09-05,Centro-Oeste,808144,467769,10056,3250
2020-09-06,Centro-Oeste,808148,469805,10101,2036
2020-09-07,Centro-Oeste,808148,471811,10166,2006
2020-09-08,Centro-Oeste,808148,477961,10264,6150
2020-09-09,Centro-Oeste,808148,484906,10482,6945
2020-09-10,Centro-Oeste,808148,493329,10652,8423
2020-09-11,Centro-Oeste,808148,499953,10776,6624
2020-09-12,Centro-Oeste,808148,502861,10852,2908
2020-09-13,Centro-Oeste,808152,505225,10919,2364
2020-09-14,Centro-Oeste,808152,513139,11070,7914
2020-09-15,Centro-Oeste,808152,518947,11191,5808
2020-09-16,Centro-Oeste,808152,525855,11308,6908
2020-09-17,Centro-Oeste,808152,532779,11453,6924
2020-09-18,Centro-Oeste,808152,540139,11567,7360
2020-09-19,Centro-Oeste,808152,543242,11624,3103
2020-09-20,Centro-Oeste,808156,544989,11678,1747
2020-09-21,Centro-Oeste,808156,551040,11801,6051
2020-09-22,Centro-Oeste,808156,557322,11903,6282
2020-09-23,Centro-Oeste,808156,563606,12008,6284
2020-09-24,Centro-Oeste,808156,569551,12137,5945
2020-09-25,Centro-Oeste,808156,574782,12273,5231
2020-09-26,Centro-Oeste,808156,576791,12345,2009
2020-09-27,Centro-Oeste,808160,578623,12388,1832
2020-09-28,Centro-Oeste,808160,586162,12501,7539
2020-09-29,Centro-Oeste,808160,591994,12623,5832
2020-09-30,Centro-Oeste,808160,597784,12728,5790
2020-10-01,Centro-Oeste,808160,602557,12852,4773
2020-10-02,Centro-Oeste,808160,607388,12956,4831
2020-10-03,Centro-Oeste,808160,609106,13009,1718
2020-10-04,Centro-Oeste,808164,610908,13090,1802
2020-10-05,Centro-Oeste,808164,615566,13194,4658
2020-10-06,Centro-Oeste,808164,621143,13302,5577
2020-10-07,Centro-Oeste,808164,625684,13414,4541
2020-10-08,Centro-Oeste,808164,629723,13504,4039
2020-10-09,Centro-Oeste,808164,633348,13585,3625
2020-10-10,Centro-Oeste,808164,634812,13648,1464
2020-10-11,Centro-Oeste,808168,635872,13685,1060
2020-10-12,Centro-Oeste,808168,636853,13732,981
2020-10-13,Centro-Oeste,808168,640922,13842,4069
2020-10-14,Centro-Oeste,808168,645241,13923,4319
2020-10-15,Centro-Oeste,808168,649116,14003,3875
2020-10-16,Centro-Oeste,808168,652711,14089,3595
2020-10-17,Centro-Oeste,808168,654025,14118,1314
2020-10-18,Centro-Oeste,808172,655211,14133,1186
2020-10-19,Centro-Oeste,808172,659964,14237,4753
2020-10-20,Centro-Oeste,808172,662636,14303,2672
2020-10-21,Centro-Oeste,808172,666048,14360,3412
2020-10-22,Centro-Oeste,808172,670390,14431,4342
2020-10-23,Centro-Oeste,808172,674156,14497,3766
2020-10-24,Centro-Oeste,808172,676049,14525,1893
2020-10-25,Centro-Oeste,808176,677315,14555,1266
2020-10-26,Centro-Oeste,808176,681021,14629,3706
2020-10-27,Centro-Oeste,808176,685288,14688,4267
2020-10-28,Centro-Oeste,808176,688741,14724,3453
2020-10-29,Centro-Oeste,808176,692273,14831,3532
2020-10-30,Centro-Oeste,808176,693793,14867,1520
2020-10-31,Centro-Oeste,808176,695147,14893,1354
2020-11-01,Centro-Oeste,808180,696063,14916,916
2020-11-02,Centro-Oeste,808180,696892,14931,829
2020-11-03,Centro-Oeste,808180,699460,14993,2568
2020-11-04,Centro-Oeste,808180,701601,15056,2141
2020-11-05,Centro-Oeste,808180,704891,15127,3290
2020-11-06,Centro-Oeste,808180,707551,15144,2660
2020-11-07,Centro-Oeste,808180,708825,15161,1274
2020-11-08,Centro-Oeste,808184,709812,15174,987
2020-11-09,Centro-Oeste,808184,712519,15195,2707
2020-11-10,Centro-Oeste,808184,715646,15226,3127
2020-11-11,Centro-Oeste,808184,717975,15305,2329
2020-11-12,Centro-Oeste,808184,723504,15442,5529
2020-11-13,Centro-Oeste,808184,725826,15561,2322
2020-11-14,Centro-Oeste,808184,727316,15573,1490
2020-11-15,Centro-Oeste,808188,728233,15586,917
2020-11-16,Centro-Oeste,808188,731212,15635,2979
2020-11-17,Centro-Oeste,808188,733945,15684,2733
2020-11-18,Centro-Oeste,808188,736644,15743,2699
2020-11-19,Centro-Oeste,808188,739579,15839,2935
2020-11-20,Centro-Oeste,808188,742070,15880,2491
2020-11-21,Centro-Oeste,808188,743918,15910,1848
2020-11-22,Centro-Oeste,808192,744860,15928,942
2020-11-23,Centro-Oeste,808192,747855,15980,2995
2020-11-24,Centro-Oeste,808192,751371,16028,3516
2020-11-25,Centro-Oeste,808192,754138,16065,2767
2020-11-26,Centro-Oeste,808192,756885,16085,2747
2020-11-27,Centro-Oeste,808192,762008,16131,5123
2020-11-28,Centro-Oeste,808192,763632,16161,1624
2020-11-29,Centro-Oeste,808196,765140,16177,1508
2020-11-30,Centro-Oeste,808196,768171,16225,3031
2020-12-01,Centro-Oeste,808196,772585,16270,4414
2020-12-02,Centro-Oeste,808196,777123,16321,4538
2020-12-03,Centro-Oeste,808196,780543,16364,3420
2020-12-04,Centro-Oeste,808196,785133,16412,4590
2020-12-05,Centro-Oeste,808196,786756,16452,1623
2020-12-06,Centro-Oeste,808200,787410,16477,654
2020-12-07,Centro-Oeste,808200,791858,16536,4448
2020-12-08,Centro-Oeste,808200,796615,16601,4757
2020-12-09,Centro-Oeste,808200,800926,16662,4311
2020-12-10,Centro-Oeste,808200,806185,16704,5259
2020-12-11,Centro-Oeste,808200,810549,16755,4364
2020-12-12,Centro-Oeste,808200,812084,16790,1535
2020-12-13,Centro-Oeste,808204,813469,16823,1385
2020-12-14,Centro-Oeste,808204,816756,16898,3287
2020-12-15,Centro-Oeste,808204,822328,16941,5572
2020-12-16,Centro-Oeste,808204,827319,17022,4991
2020-12-17,Centro-Oeste,808204,831444,17086,4125
2020-12-18,Centro-Oeste,808204,835326,17139,3882
2020-12-19,Centro-Oeste,808204,837538,17172,2212
2020-12-20,Centro-Oeste,808208,838929,17216,1391
2020-12-21,Centro-Oeste,808208,843406,17327,4477
2020-12-22,Centro-Oeste,808208,847913,17389,4507
2020-12-23,Centro-Oeste,808208,852106,17501,4193
2020-12-24,Centro-Oeste,808208,854788,17537,2682
2020-12-25,Centro-Oeste,808208,855758,17582,970
2020-12-26,Centro-Oeste,808208,857871,17629,2113
2020-12-27,Centro-Oeste,808212,859077,17656,1206
2020-12-28,Centro-Oeste,808212,864274,17737,5197
2020-12-29,Centro-Oeste,808212,869142,17816,4868
2020-12-30,Centro-Oeste,808212,873446,17888,4304
2020-12-31,Centro-Oeste,808212,876012,17931,2566
2021-01-01,Centro-Oeste,808212,877288,17958,1276
2021-01-02,Centro-Oeste,808212,879012,17984,1724
2021-01-03,Centro-Oeste,808404,880394,18024,1382
2021-01-04,Centro-Oeste,808404,885824,18160,5430
2021-01-05,Centro-Oeste,808404,890824,18281,5000
2021-01-06,Centro-Oeste,808404,895838,18334,5014
2021-01-07,Centro-Oeste,808404,900725,18413,4887
2021-01-08,Centro-Oeste,808404,905171,18464,4446
2021-01-09,Centro-Oeste,808404,908034,18528,2863
2021-01-10,Centro-Oeste,808408,909698,18570,1664
2021-01-11,Centro-Oeste,808408,915719,18614,6021
2021-01-12,Centro-Oeste,808408,921241,18699,5522
2021-01-13,Centro-Oeste,808408,926882,18760,5641
2021-01-14,Centro-Oeste,808408,932755,18859,5873
2021-01-15,Centro-Oeste,808408,937874,18905,5119
2021-01-16,Centro-Oeste,808408,940760,18970,2886
2021-01-17,Centro-Oeste,808412,942374,19002,1614
2021-01-18,Centro-Oeste,808412,947540,19054,5166
2021-01-19,Centro-Oeste,808412,953459,19112,5919
2021-01-20,Centro-Oeste,808412,958632,19254,5173
2021-01-21,Centro-Oeste,808412,963161,19351,4529
2021-01-22,Centro-Oeste,808412,968984,19445,5823
2021-01-23,Centro-Oeste,808412,971632,19516,2648
2021-01-24,Centro-Oeste,808416,973125,19549,1493
2021-01-25,Centro-Oeste,808416,978980,19617,5855
2021-01-26,Centro-Oeste,808416,984098,19690,5118
2021-01-27,Centro-Oeste,808416,990466,19766,6368
2021-01-28,Centro-Oeste,808416,996111,19900,5645
2021-01-29,Centro-Oeste,808416,1002123,20006,6012
2021-01-30,Centro-Oeste,808416,1004638,20056,2515
2021-01-31,Centro-Oeste,808420,1006230,20090,1592
2021-02-01,Centro-Oeste,808420,1010549,20154,4319
2021-02-02,Centro-Oeste,808420,1015665,20260,5116
2021-02-03,Centro-Oeste,808420,1020790,20367,5125
2021-02-04,Centro-Oeste,808420,1025120,20464,4330
2021-02-05,Centro-Oeste,808420,1030149,20547,5029
2021-02-06,Centro-Oeste,808420,1031970,20612,1821
2021-02-07,Centro-Oeste,808424,1033236,20658,1266
2021-02-08,Centro-Oeste,808424,1038592,20743,5356
2021-02-09,Centro-Oeste,808424,1043219,20833,4627
2021-02-10,Centro-Oeste,808424,1047984,20942,4765
2021-02-11,Centro-Oeste,808424,1052190,21062,4206
2021-02-12,Centro-Oeste,808424,1056449,21165,4259
2021-02-13,Centro-Oeste,808424,1058868,21217,2419
2021-02-14,Centro-Oeste,808428,1060391,21259,1523
2021-02-15,Centro-Oeste,808428,1065088,21369,4697
2021-02-16,Centro-Oeste,808428,1068563,21440,3475
