date,region,accumulated_num_cases,accumulated_num_deaths,new_num_cases,new_num_deaths
2020-02-25,Sudeste,202009,1,0,1
2020-02-26,Sudeste,202009,1,0,0
2020-02-27,Sudeste,202009,1,0,0
2020-02-28,Sudeste,202009,2,0,1
2020-02-29,Sudeste,202009,2,0,0
2020-03-01,Sudeste,202010,2,0,0
2020-03-02,Sudeste,202010,2,0,0
2020-03-03,Sudeste,202010,2,0,0
2020-03-04,Sudeste,202010,3,0,1
2020-03-05,Sudeste,606030,8,0,5
2020-03-06,Sudeste,606030,13,0,5
2020-03-07,Sudeste,606030,16,0,3
2020-03-08,Sudeste,808044,21,0,5
2020-03-09,Sudeste,808044,21,0,0
2020-03-10,Sudeste,808044,24,0,3
2020-03-11,Sudeste,808044,35,0,11
2020-03-12,Sudeste,808044,65,0,30
2020-03-13,Sudeste,808044,65,0,0
2020-03-14,Sudeste,808044,88,0,23
2020-03-15,Sudeste,808048,97,0,9
2020-03-16,Sudeste,808048,191,0,94
2020-03-17,Sudeste,808048,211,1,20
2020-03-18,Sudeste,808048,333,3,122
2020-03-19,Sudeste,808048,394,7,61
2020-03-20,Sudeste,808048,516,11,122
2020-03-21,Sudeste,808048,596,18,80
2020-03-22,Sudeste,808052,926,25,330
2020-03-23,Sudeste,808052,1139,34,213
2020-03-24,Sudeste,808052,1285,46,146
2020-03-25,Sudeste,808052,1405,56,120
2020-03-26,Sudeste,808052,1674,67,269
2020-03-27,Sudeste,808052,1959,78,285
2020-03-28,Sudeste,808052,2230,97,271
2020-03-29,Sudeste,808056,2354,115,124
2020-03-30,Sudeste,808056,2520,132,166
2020-03-31,Sudeste,808056,3419,161,899
2020-04-01,Sudeste,808056,4247,195,828
2020-04-02,Sudeste,808056,5007,235,760
2020-04-03,Sudeste,808056,5672,277,665
2020-04-04,Sudeste,808056,6308,330,636
2020-04-05,Sudeste,808060,6706,351,398
2020-04-06,Sudeste,808060,7061,390,355
2020-04-07,Sudeste,808060,8156,477,1095
2020-04-08,Sudeste,808060,9533,554,1377
2020-04-09,Sudeste,808060,10651,640,1118
2020-04-10,Sudeste,808060,11727,712,1076
2020-04-11,Sudeste,808060,12159,741,432
2020-04-12,Sudeste,808064,12846,792,687
2020-04-13,Sudeste,808064,13394,830,548
2020-04-14,Sudeste,808064,14222,964,828
2020-04-15,Sudeste,808064,16423,1094,2201
2020-04-16,Sudeste,808064,17405,1215,982
2020-04-17,Sudeste,808064,19163,1332,1758
2020-04-18,Sudeste,808064,20613,1447,1450
2020-04-19,Sudeste,808068,21291,1490,678
2020-04-20,Sudeste,808068,21880,1534,589
2020-04-21,Sudeste,808068,23234,1632,1354
2020-04-22,Sudeste,808068,24100,1708,866
2020-04-23,Sudeste,808068,25673,1969,1573
2020-04-24,Sudeste,808068,27192,2183,1519
2020-04-25,Sudeste,808068,30024,2392,2832
2020-04-26,Sudeste,808072,31193,2463,1169
2020-04-27,Sudeste,808072,33170,2627,1977
2020-04-28,Sudeste,808072,36358,2935,3188
2020-04-29,Sudeste,808072,39323,3205,2965
2020-04-30,Sudeste,808072,42666,3404,3343
2020-05-01,Sudeste,808072,45388,3621,2722
2020-05-02,Sudeste,808072,46847,3749,1459
2020-05-03,Sudeste,808076,48237,3850,1390
2020-05-04,Sudeste,808076,49606,3932,1369
2020-05-05,Sudeste,808076,52436,4201,2830
2020-05-06,Sudeste,808076,57467,4493,5031
2020-05-07,Sudeste,808076,60842,4863,3375
2020-05-08,Sudeste,808076,64756,5195,3914
2020-05-09,Sudeste,808076,68875,5551,4119
2020-05-10,Sudeste,808080,70342,5723,1467
2020-05-11,Sudeste,808080,72209,5830,1867
2020-05-12,Sudeste,808080,74727,6216,2518
2020-05-13,Sudeste,808080,78959,6536,4232
2020-05-14,Sudeste,808080,83516,6950,4557
2020-05-15,Sudeste,808080,88759,7345,5243
2020-05-16,Sudeste,808080,93853,7723,5094
2020-05-17,Sudeste,808084,95938,7938,2085
2020-05-18,Sudeste,808084,101583,8138,5645
2020-05-19,Sudeste,808084,106470,8718,4887
2020-05-20,Sudeste,808084,114012,9123,7542
2020-05-21,Sudeste,808084,120302,9524,6290
2020-05-22,Sudeste,808084,125975,10028,5673
2020-05-23,Sudeste,808084,131347,10584,5372
2020-05-24,Sudeste,808088,136748,10829,5401
2020-05-25,Sudeste,808088,140250,11020,3502
2020-05-26,Sudeste,808088,144446,11505,4196
2020-05-27,Sudeste,808088,151376,12068,6930
2020-05-28,Sudeste,808088,161640,12629,10264
2020-05-29,Sudeste,808088,171644,13171,10004
2020-05-30,Sudeste,808088,182629,13655,10985
2020-05-31,Sudeste,808092,187240,13834,4611
2020-06-01,Sudeste,808092,190781,14035,3541
2020-06-02,Sudeste,808092,201117,14633,10336
2020-06-03,Sudeste,808092,210854,15290,9737
2020-06-04,Sudeste,808092,220060,15948,9206
2020-06-05,Sudeste,808092,229735,16439,9675
2020-06-06,Sudeste,808092,238971,16871,9236
2020-06-07,Sudeste,808096,246151,17060,7180
2020-06-08,Sudeste,808096,250634,17220,4483
2020-06-09,Sudeste,808096,261183,17753,10549
2020-06-10,Sudeste,808096,271581,18346,10398
2020-06-11,Sudeste,808096,281171,18905,9590
2020-06-12,Sudeste,808096,291292,19230,10121
2020-06-13,Sudeste,808096,298336,19655,7044
2020-06-14,Sudeste,808100,305624,19896,7288
2020-06-15,Sudeste,808100,311786,20063,6162
2020-06-16,Sudeste,808100,324682,20733,12896
2020-06-17,Sudeste,808100,332334,21375,7652
2020-06-18,Sudeste,808100,336623,22051,4289
2020-06-19,Sudeste,808100,364320,22694,27697
2020-06-20,Sudeste,808100,372873,23251,8553
2020-06-21,Sudeste,808104,377825,23452,4952
2020-06-22,Sudeste,808104,384610,23642,6785
2020-06-23,Sudeste,808104,397068,24366,12458
2020-06-24,Sudeste,808104,412141,24881,15073
2020-06-25,Sudeste,808104,427659,25505,15518
2020-06-26,Sudeste,808104,447548,25893,19889
2020-06-27,Sudeste,808104,457002,26441,9454
2020-06-28,Sudeste,808108,469459,26622,12457
2020-06-29,Sudeste,808108,475989,26806,6530
2020-06-30,Sudeste,808108,485885,27455,9896
2020-07-01,Sudeste,808108,501618,27927,15733
2020-07-02,Sudeste,808108,519951,28469,18333
2020-07-03,Sudeste,808108,534513,29062,14562
2020-07-04,Sudeste,808108,541740,29584,7227
2020-07-05,Sudeste,808112,553147,29749,11407
2020-07-06,Sudeste,808112,559122,29898,5975
2020-07-07,Sudeste,808112,574394,30517,15272
2020-07-08,Sudeste,808112,590570,31025,16176
2020-07-09,Sudeste,808112,604912,31607,14342
2020-07-10,Sudeste,808112,620000,32193,15088
2020-07-11,Sudeste,808112,632771,32653,12771
2020-07-12,Sudeste,808116,640405,32849,7634
2020-07-13,Sudeste,808116,647354,33036,6949
2020-07-14,Sudeste,808116,663285,33718,15931
2020-07-15,Sudeste,808116,675987,34245,12702
2020-07-16,Sudeste,808116,689209,34857,13222
2020-07-17,Sudeste,808116,699379,35374,10170
2020-07-18,Sudeste,808116,708263,35732,8884
2020-07-19,Sudeste,808120,717154,36050,8891
2020-07-20,Sudeste,808120,723274,36209,6120
2020-07-21,Sudeste,808120,735961,36815,12687
2020-07-22,Sudeste,808120,760565,37449,24604
2020-07-23,Sudeste,808120,780734,38008,20169
2020-07-24,Sudeste,808120,800763,38548,20029
2020-07-25,Sudeste,808120,822465,39115,21702
2020-07-26,Sudeste,808124,830079,39281,7614
2020-07-27,Sudeste,808124,837386,39450,7307
2020-07-28,Sudeste,808124,856053,40105,18667
2020-07-29,Sudeste,808124,875885,40685,19832
2020-07-30,Sudeste,808124,897949,41264,22064
2020-07-31,Sudeste,808124,918197,41787,20248
2020-08-01,Sudeste,808124,933330,42218,15133
2020-08-02,Sudeste,808128,942966,42358,9636
2020-08-03,Sudeste,808128,947240,42463,4274
2020-08-04,Sudeste,808128,966437,43087,19197
2020-08-05,Sudeste,808128,984848,43805,18411
2020-08-06,Sudeste,808128,1004105,44359,19257
2020-08-07,Sudeste,808128,1021321,44842,17216
2020-08-08,Sudeste,808128,1042124,45255,20803
2020-08-09,Sudeste,808132,1051694,45466,9570
2020-08-10,Sudeste,808132,1056575,45620,4881
2020-08-11,Sudeste,808132,1073154,46179,16579
2020-08-12,Sudeste,808132,1097029,46751,23875
2020-08-13,Sudeste,808132,1124404,47405,27375
2020-08-14,Sudeste,808132,1142547,47912,18143
2020-08-15,Sudeste,808132,1158423,48213,15876
2020-08-16,Sudeste,808136,1167754,48420,9331
2020-08-17,Sudeste,808136,1173890,48595,6136
2020-08-18,Sudeste,808136,1190671,49286,16781
2020-08-19,Sudeste,808136,1208618,49903,17947
2020-08-20,Sudeste,808136,1225975,50501,17357
2020-08-21,Sudeste,808136,1236607,51022,10632
2020-08-22,Sudeste,808136,1256848,51411,20241
2020-08-23,Sudeste,808140,1265579,51575,8731
2020-08-24,Sudeste,808140,1270254,51747,4675
2020-08-25,Sudeste,808140,1285600,52387,15346
2020-08-26,Sudeste,808140,1302692,52928,17092
2020-08-27,Sudeste,808140,1318255,53428,15563
2020-08-28,Sudeste,808140,1334365,53837,16110
2020-08-29,Sudeste,808140,1346969,54359,12604
2020-08-30,Sudeste,808144,1352107,54466,5138
2020-08-31,Sudeste,808144,1355793,54572,3686
2020-09-01,Sudeste,808144,1372028,55140,16235
2020-09-02,Sudeste,808144,1389538,55697,17510
2020-09-03,Sudeste,808144,1406995,56111,17457
2020-09-04,Sudeste,808144,1420218,56501,13223
2020-09-05,Sudeste,808144,1432882,56789,12664
2020-09-06,Sudeste,808148,1438516,57000,5634
2020-09-07,Sudeste,808148,1442187,57089,3671
2020-09-08,Sudeste,808148,1445397,57239,3210
2020-09-09,Sudeste,808148,1456234,57824,10837
2020-09-10,Sudeste,808148,1470238,58298,14004
2020-09-11,Sudeste,808148,1488225,58667,17987
2020-09-12,Sudeste,808148,1501010,59090,12785
2020-09-13,Sudeste,808152,1506559,59218,5549
2020-09-14,Sudeste,808152,1510409,59290,3850
2020-09-15,Sudeste,808152,1522269,59847,11860
2020-09-16,Sudeste,808152,1535915,60402,13646
2020-09-17,Sudeste,808152,1548136,60824,12221
2020-09-18,Sudeste,808152,1562788,61231,14652
2020-09-19,Sudeste,808152,1574663,61625,11875
2020-09-20,Sudeste,808156,1581553,61765,6890
2020-09-21,Sudeste,808156,1585757,61870,4204
2020-09-22,Sudeste,808156,1598282,62272,12525
2020-09-23,Sudeste,808156,1609778,62752,11496
2020-09-24,Sudeste,808156,1622494,63156,12716
2020-09-25,Sudeste,808156,1636153,63584,13659
2020-09-26,Sudeste,808156,1645630,63983,9477
2020-09-27,Sudeste,808160,1651908,64118,6278
2020-09-28,Sudeste,808160,1655081,64180,3173
2020-09-29,Sudeste,808160,1666223,64576,11142
2020-09-30,Sudeste,808160,1677070,65014,10847
2020-10-01,Sudeste,808160,1688917,65358,11847
2020-10-02,Sudeste,808160,1702835,65687,13918
2020-10-03,Sudeste,808160,1714275,66026,11440
2020-10-04,Sudeste,808164,1717098,66170,2823
2020-10-05,Sudeste,808164,1721384,66250,4286
2020-10-06,Sudeste,808164,1732228,66681,10844
2020-10-07,Sudeste,808164,1743816,67066,11588
2020-10-08,Sudeste,808164,1754919,67519,11103
2020-10-09,Sudeste,808164,1766459,67922,11540
2020-10-10,Sudeste,808164,1777825,68214,11366
2020-10-11,Sudeste,808168,1783204,68341,5379
2020-10-12,Sudeste,808168,1785924,68380,2720
2020-10-13,Sudeste,808168,1788409,68475,2485
2020-10-14,Sudeste,808168,1797785,68841,9376
2020-10-15,Sudeste,808168,1808716,69206,10931
2020-10-16,Sudeste,808168,1821206,69573,12490
2020-10-17,Sudeste,808168,1830155,69821,8949
2020-10-18,Sudeste,808172,1834578,69944,4423
2020-10-19,Sudeste,808172,1837515,69986,2937
2020-10-20,Sudeste,808172,1845923,70305,8408
2020-10-21,Sudeste,808172,1855098,70625,9175
2020-10-22,Sudeste,808172,1863174,70891,8076
2020-10-23,Sudeste,808172,1874775,71182,11601
2020-10-24,Sudeste,808172,1884736,71409,9961
2020-10-25,Sudeste,808176,1889922,71475,5186
2020-10-26,Sudeste,808176,1896377,71544,6455
2020-10-27,Sudeste,808176,1906362,71783,9985
2020-10-28,Sudeste,808176,1916569,72081,10207
2020-10-29,Sudeste,808176,1926234,72338,9665
2020-10-30,Sudeste,808176,1936991,72682,10757
2020-10-31,Sudeste,808176,1940796,72781,3805
2020-11-01,Sudeste,808180,1944170,72842,3374
2020-11-02,Sudeste,808180,1946614,72892,2444
2020-11-03,Sudeste,808180,1949225,72941,2611
2020-11-04,Sudeste,808180,1957496,73261,8271
2020-11-05,Sudeste,808180,1964133,73590,6637
2020-11-06,Sudeste,808180,1967938,73675,3805
2020-11-07,Sudeste,808180,1971101,73745,3163
2020-11-08,Sudeste,808184,1974490,73752,3389
2020-11-09,Sudeste,808184,1976574,73764,2084
2020-11-10,Sudeste,808184,2003545,73779,26971
2020-11-11,Sudeste,808184,2011809,74050,8264
2020-11-12,Sudeste,808184,2022571,74533,10762
2020-11-13,Sudeste,808184,2033420,74762,10849
2020-11-14,Sudeste,808184,2044216,75335,10796
2020-11-15,Sudeste,808188,2048406,75374,4190
2020-11-16,Sudeste,808188,2051542,75424,3136
2020-11-17,Sudeste,808188,2066435,75791,14893
2020-11-18,Sudeste,808188,2078881,76288,12446
2020-11-19,Sudeste,808188,2091441,76610,12560
2020-11-20,Sudeste,808188,2107276,76906,15835
2020-11-21,Sudeste,808188,2115732,77073,8456
2020-11-22,Sudeste,808192,2122883,77146,7151
2020-11-23,Sudeste,808192,2126844,77247,3961
2020-11-24,Sudeste,808192,2137519,77572,10675
2020-11-25,Sudeste,808192,2155136,77901,17617
2020-11-26,Sudeste,808192,2166972,78278,11836
2020-11-27,Sudeste,808192,2177240,78522,10268
2020-11-28,Sudeste,808192,2192192,78822,14952
2020-11-29,Sudeste,808196,2197965,78920,5773
2020-11-30,Sudeste,808196,2202343,79005,4378
2020-12-01,Sudeste,808196,2220200,79320,17857
2020-12-02,Sudeste,808196,2239081,79663,18881
2020-12-03,Sudeste,808196,2257324,80064,18243
2020-12-04,Sudeste,808196,2273975,80405,16651
2020-12-05,Sudeste,808196,2292605,80736,18630
2020-12-06,Sudeste,808200,2300409,80879,7804
2020-12-07,Sudeste,808200,2304587,80963,4178
2020-12-08,Sudeste,808200,2320919,81352,16332
2020-12-09,Sudeste,808200,2340533,81805,19614
2020-12-10,Sudeste,808200,2359887,82220,19354
2020-12-11,Sudeste,808200,2380225,82540,20338
2020-12-12,Sudeste,808200,2399043,82894,18818
2020-12-13,Sudeste,808204,2404975,83012,5932
2020-12-14,Sudeste,808204,2411450,83110,6475
2020-12-15,Sudeste,808204,2423941,83518,12491
2020-12-16,Sudeste,808204,2435438,83909,11497
2020-12-17,Sudeste,808204,2467198,84514,31760
2020-12-18,Sudeste,808204,2488425,84965,21227
2020-12-19,Sudeste,808204,2509192,85323,20767
2020-12-20,Sudeste,808208,2517333,85486,8141
2020-12-21,Sudeste,808208,2525537,85646,8204
2020-12-22,Sudeste,808208,2546586,86086,21049
2020-12-23,Sudeste,808208,2568197,86570,21611
2020-12-24,Sudeste,808208,2589460,86958,21263
2020-12-25,Sudeste,808208,2598429,87172,8969
2020-12-26,Sudeste,808208,2604172,87226,5743
2020-12-27,Sudeste,808212,2609829,87314,5657
2020-12-28,Sudeste,808212,2616637,87445,6808
2020-12-29,Sudeste,808212,2640392,87919,23755
2020-12-30,Sudeste,808212,2663422,88630,23030
2020-12-31,Sudeste,808212,2688105,89230,24683
2021-01-01,Sudeste,808212,2697736,89469,9631
2021-01-02,Sudeste,808212,2703103,89554,5367
2021-01-03,Sudeste,808404,2709482,89622,6379
2021-01-04,Sudeste,808404,2718234,89744,8752
2021-01-05,Sudeste,808404,2742461,90344,24227
2021-01-06,Sudeste,808404,2770876,91021,28415
2021-01-07,Sudeste,808404,2798514,91691,27638
2021-01-08,Sudeste,808404,2823666,92265,25152
2021-01-09,Sudeste,808404,2850404,92903,26738
2021-01-10,Sudeste,808408,2862874,93130,12470
2021-01-11,Sudeste,808408,2871266,93239,8392
2021-01-12,Sudeste,808408,2897278,93772,26012
2021-01-13,Sudeste,808408,2926931,94539,29653
2021-01-14,Sudeste,808408,2955364,95208,28433
2021-01-15,Sudeste,808408,2984886,95847,29522
2021-01-16,Sudeste,808408,3012036,96488,27150
2021-01-17,Sudeste,808412,3026510,96707,14474
2021-01-18,Sudeste,808412,3034151,96811,7641
2021-01-19,Sudeste,808412,3062026,97416,27875
2021-01-20,Sudeste,808412,3089268,98178,27242
2021-01-21,Sudeste,808412,3115141,98884,25873
2021-01-22,Sudeste,808412,3136360,99428,21219
2021-01-23,Sudeste,808412,3166076,100041,29716
2021-01-24,Sudeste,808416,3177136,100282,11060
2021-01-25,Sudeste,808416,3184485,100433,7349
2021-01-26,Sudeste,808416,3208466,100956,23981
2021-01-27,Sudeste,808416,3237662,101721,29196
2021-01-28,Sudeste,808416,3265603,102393,27941
2021-01-29,Sudeste,808416,3291180,102924,25577
2021-01-30,Sudeste,808416,3316752,103522,25572
2021-01-31,Sudeste,808420,3326950,103763,10198
2021-02-01,Sudeste,808420,3334344,103920,7394
2021-02-02,Sudeste,808420,3357908,104498,23564
2021-02-03,Sudeste,808420,3381214,105120,23306
2021-02-04,Sudeste,808420,3409513,105802,28299
2021-02-05,Sudeste,808420,3431438,106513,21925
2021-02-06,Sudeste,808420,3451832,106934,20394
2021-02-07,Sudeste,808424,3464285,107136,12453
2021-02-08,Sudeste,808424,3471818,107349,7533
2021-02-09,Sudeste,808424,3491119,107912,19301
2021-02-10,Sudeste,808424,3518965,108671,27846
2021-02-11,Sudeste,808424,3540203,109374,21238
2021-02-12,Sudeste,808424,3561566,109964,21363
2021-02-13,Sudeste,808424,3579689,110470,18123
2021-02-14,Sudeste,808428,3586443,110773,6754
2021-02-15,Sudeste,808428,3591426,110867,4983
2021-02-16,Sudeste,808428,3614763,111411,23337
